nu_frac1        0.132877126126  0.0197125411396
nu_frac10       0.0544004994569         0.0128108840598
nu_frac11       0.0575559838069         0.0070920780001
nu_frac12       0.029385129939  0.0031455110623
nu_frac2        0.202849336435  0.0158152238661
nu_frac3        0.158743335388  0.0106292140754
nu_frac4        0.119944811462  0.00713096930865
nu_frac5        0.0938309165086         0.0050795323708
nu_frac6        0.0485472635264         0.00329215595156
nu_frac7        0.0181590418917         0.00509575221553
nu_frac8        0.00890504655567        0.00527176237927
nu_frac9        0.0659149528644         0.0181702624597
nu_norms        [1.1023785004925408, 1.0972647712841492, 1.0617622192639649, 1.0420693647540027, 1.0004230525223365, 0.9395164807959866, 0.91926519170385235, 0.74119661781023316, 1.2613021176314299, 1.0105909883032371, 0.81957880616352186, 0.5643463847165594, 0.36471625640556582]
