1.17E+00
1.56E+00
2.07E+00
2.77E+00
3.69E+00
4.92E+00
6.56E+00
8.75E+00
1.17E+01
1.56E+01
2.07E+01
2.77E+01
3.69E+01
4.92E+01
6.56E+01
8.75E+01
1.17E+02
1.56E+02
2.07E+02
2.77E+02
3.69E+02
4.92E+02
6.56E+02
8.75E+02
1.17E+03
1.56E+03
2.07E+03
2.77E+03
3.69E+03
4.92E+03
6.56E+03
8.75E+03
1.17E+04
1.56E+04
2.07E+04
2.77E+04
3.69E+04
4.92E+04
6.56E+04
8.75E+04
1.17E+05
1.56E+05
2.07E+05
2.77E+05
3.69E+05
4.92E+05
6.56E+05
8.75E+05
1.17E+06
1.56E+06
2.07E+06
2.77E+06
3.69E+06
4.92E+06
6.56E+06
8.75E+06
1.17E+07
1.56E+07
2.07E+07
2.77E+07
3.69E+07
4.92E+07
6.56E+07
8.75E+07
1.17E+08
1.56E+08
2.07E+08
2.77E+08
3.69E+08
4.92E+08
6.56E+08
8.75E+08
1.17E+09
1.56E+09
2.07E+09
2.77E+09
3.69E+09
4.92E+09
6.56E+09
8.75E+09
1.17E+10
1.56E+10
2.07E+10
2.77E+10
3.69E+10
4.92E+10
6.56E+10
8.75E+10
